18589 18589.335
18480 18480.3672
18372 18371.8166
18264 18263.6824
18156 18155.9638
18589 18589.21
18480 18480.2422
18372 18371.6916
18264 18263.5574
18156 18155.8388
18589 18589.535
18480 18480.5672
18372 18372.0166
18264 18263.8824
18156 18156.1638
18589 18589.21
18480 18480.2422
18372 18371.6916
18264 18263.5574
18156 18155.8388
18589 18589.135
18480 18480.1672
18372 18371.6166
18264 18263.4824
18156 18155.7638
18589 18589.21
18480 18480.2422
18372 18371.6916
18264 18263.5574
18156 18155.8388
18589 18589.335
18480 18480.3672
18372 18371.8166
18264 18263.6824
18156 18155.9638
18589 18589.41
18480 18480.4422
18372 18371.8916
18264 18263.7574
18156 18156.0388
18589 18589.335
18480 18480.3672
18372 18371.8166
18264 18263.6824
18156 18155.9638
18589 18589.01
18480 18480.0422
18372 18371.4916
18264 18263.3574
18156 18155.6388
