106 421 [0.00159, -0.85107, 167.47832, -9645.62884] 0.999999999999
107 422 [0.00159, -0.85524, 169.23524, -9817.06222] 1.0
108 423 [0.00159, -0.85937, 170.99429, -9988.29143] 0.999999999999
109 424 [0.00159, -0.8634, 172.71197, -10157.13506] 1.0
110 425 [0.00159, -0.86748, 174.47007, -10329.86168] 1.0
111 426 [0.00159, -0.87161, 176.2498, -10506.46367] 1.0
112 427 [0.00159, -0.87565, 177.98762, -10680.55111] 1.0
113 428 [0.00159, -0.87973, 179.76612, -10858.63909] 1.0
114 429 [0.00159, -0.88385, 181.56653, -11040.66367] 0.999999999999
115 430 [0.00159, -0.88794, 183.36825, -11222.47619] 1.0
116 431 [0.00159, -0.89202, 185.16726, -11406.01832] 1.0
117 432 [0.00159, -0.89615, 186.98844, -11593.55918] 0.999999999999
118 433 [0.00159, -0.90023, 188.81066, -11780.88753] 1.0
119 434 [0.00159, -0.90431, 190.63016, -11969.93333] 1.0
120 435 [0.00159, -0.90844, 192.49116, -12162.32653] 0.999999999999
121 436 [0.00159, -0.91252, 194.33388, -12355.23927] 1.0
122 437 [0.00159, -0.9166, 196.17388, -12549.85732] 1.0
123 438 [0.00159, -0.92073, 198.05565, -12747.94367] 0.999999999999
124 439 [0.00159, -0.92481, 199.91887, -12946.49034] 1.0
125 440 [0.00159, -0.92889, 201.79841, -13146.11111] 1.0
126 441 [0.00159, -0.93302, 203.70095, -13349.96] 1.0
127 442 [0.00159, -0.9371, 205.58467, -13554.20916] 1.0
128 443 [0.00159, -0.94118, 207.48472, -13759.57741] 1.0
129 444 [0.00159, -0.94531, 209.40803, -13969.23918] 1.0
130 445 [0.00159, -0.94939, 211.33129, -14178.71655] 1.0
131 446 [0.00159, -0.95347, 213.25184, -14389.90086] 1.0
132 447 [0.00159, -0.9576, 215.19592, -14605.4449] 1.0
133 448 [0.00159, -0.96168, 217.13968, -14820.8] 1.0
134 449 [0.00159, -0.96576, 219.08073, -15037.84989] 1.0
135 450 [0.00159, -0.96989, 221.06463, -15258.89796] 1.0
136 451 [0.00159, -0.97397, 223.02889, -15480.19937] 1.0
137 452 [0.00159, -0.97805, 224.99043, -15703.1834] 1.0
138 453 [0.00159, -0.98218, 226.9951, -15930.29061] 1.0
139 454 [0.00159, -0.98626, 228.97986, -16157.58785] 1.0
140 455 [0.00159, -0.99029, 230.96349, -16384.66667] 1.0
141 456 [0.00159, -0.99442, 232.98884, -16617.8849] 1.0
142 457 [0.00159, -0.9985, 234.99401, -16851.22893] 1.0
143 458 [0.00159, -1.00254, 236.99778, -17084.34667] 1.0
144 459 [0.00159, -1.00667, 239.04381, -17323.72571] 1.0
145 460 [0.00159, -1.01084, 241.13379, -17567.59637] 1.0
146 461 [0.00159, -1.01488, 243.15787, -17806.86567] 1.0
147 462 [0.00159, -1.019, 245.22476, -18052.52] 1.0
148 463 [0.00159, -1.02317, 247.33587, -18302.79429] 1.0
149 464 [0.00159, -1.02721, 249.38027, -18548.2644] 1.0
150 465 [0.00159, -1.03125, 251.44082, -18794.20408] 1.0
151 466 [0.00159, -1.03542, 253.57288, -19050.90639] 1.0
152 467 [0.00159, -1.03946, 255.63741, -19302.59909] 1.0
153 468 [0.00159, -1.04349, 257.7181, -19554.80571] 1.0
154 469 [0.00159, -1.04766, 259.87111, -19817.98667] 1.0
155 470 [0.00159, -1.05179, 262.022, -20081.03401] 1.0
156 471 [0.00159, -1.05583, 264.12299, -20339.62204] 1.0
157 472 [0.00159, -1.06, 266.29714, -20609.39873] 1.0
158 473 [0.00159, -1.06413, 268.46889, -20879.03111] 1.0
159 474 [0.00159, -1.06816, 270.5902, -21144.0498] 1.0
160 475 [0.00159, -1.07224, 272.75646, -21414.15193] 1.0
161 476 [0.00159, -1.07637, 274.94889, -21690.39111] 1.0
162 477 [0.00159, -1.08041, 277.09034, -21961.86041] 1.0
163 478 [0.00159, -1.08449, 279.27701, -22238.54431] 1.0
164 479 [0.00159, -1.08862, 281.49011, -22521.44009] 1.0
165 480 [0.00159, -1.0927, 283.7, -22803.14286] 1.0
166 481 [0.00159, -1.09678, 285.90717, -23086.50585] 1.0
167 482 [0.00159, -1.10091, 288.14104, -23376.15646] 1.0
168 483 [0.00159, -1.10499, 290.37143, -23664.6] 1.0
169 484 [0.00159, -1.10907, 292.59909, -23954.69161] 1.0
170 485 [0.00159, -1.1132, 294.87279, -24250.38549] 1.0
171 486 [0.00159, -1.11728, 297.12367, -24545.63837] 1.0
172 487 [0.00159, -1.12136, 299.37184, -24842.52717] 1.0
173 488 [0.00159, -1.12549, 301.6663, -25145.15274] 1.0
174 489 [0.00159, -1.12957, 303.93769, -25447.26449] 1.0
175 490 [0.00159, -1.13365, 306.2254, -25750.33333] 1.0
176 491 [0.00159, -1.13778, 308.54063, -26059.96] 1.0
177 492 [0.00159, -1.14186, 310.83252, -26368.99918] 1.0
178 493 [0.00159, -1.14594, 313.14073, -26679.04045] 1.0
179 494 [0.00159, -1.15007, 315.47673, -26995.71855] 1.0
180 495 [0.00159, -1.15415, 317.80816, -27311.16327] 1.0
181 496 [0.00159, -1.15823, 320.13687, -27628.24553] 1.0
182 497 [0.00159, -1.16236, 322.49365, -27952.04444] 1.0
183 498 [0.00159, -1.16644, 324.84558, -28274.59184] 1.0
184 499 [0.00159, -1.17052, 327.19478, -28598.76463] 1.0
185 500 [0.00159, -1.17465, 329.59138, -28929.2585] 1.0
186 501 [0.00159, -1.17873, 331.96381, -29258.97714] 1.0
187 502 [0.00159, -1.18281, 334.33351, -29590.30902] 1.0
188 503 [0.00159, -1.18694, 336.75088, -29928.10059] 1.0
189 504 [0.00159, -1.19102, 339.14381, -30265.04] 1.0
190 505 [0.00159, -1.19506, 341.53107, -30600.6576] 1.0
191 506 [0.00159, -1.19918, 343.96912, -30945.7942] 1.0
192 507 [0.00159, -1.20327, 346.38245, -31290.00082] 1.0
193 508 [0.00159, -1.2073, 348.78984, -31632.86413] 1.0
194 509 [0.00159, -1.21143, 351.24857, -31985.39556] 1.0
195 510 [0.00159, -1.2156, 353.75578, -32343.79592] 1.0
196 511 [0.00159, -1.21964, 356.18349, -32694.02667] 1.0
197 512 [0.00159, -1.22376, 358.66308, -33054.07646] 1.0
198 513 [0.00159, -1.22794, 361.19143, -33420.13714] 1.0
199 514 [0.00159, -1.23197, 363.63946, -33777.78458] 1.0
200 515 [0.00159, -1.23601, 366.10363, -34136.77551] 1.0
201 516 [0.00159, -1.24018, 368.65293, -34510.51184] 1.0
202 517 [0.00159, -1.24422, 371.12109, -34875.58866] 1.0
203 518 [0.00159, -1.24825, 373.6054, -35242.05333] 1.0
204 519 [0.00159, -1.25243, 376.17565, -35623.51592] 1.0
205 520 [0.00159, -1.25655, 378.73923, -36003.69161] 1.0
206 521 [0.00159, -1.26059, 381.24385, -36377.75356] 1.0
207 522 [0.00159, -1.26476, 383.83524, -36767.06857] 1.0
208 523 [0.00159, -1.26889, 386.41968, -37155.07238] 1.0
209 524 [0.00159, -1.27293, 388.94463, -37536.78086] 1.0
210 525 [0.00159, -1.27701, 391.51905, -37925.0] 1.0
210 525 [0.00021, 0.0252, -3.48462, 359.97107] 0.999953788601
210 525 [0.00159, -1.27701, 391.51905, -37925.0] 1.0
210 525 [0.00021, 0.0252, -3.48462, 359.97107] 0.999953788601
210 525 [0.00159, -1.27701, 391.51905, -37925.0] 1.0
210 525 [0.00021, 0.0252, -3.48462, 359.97107] 0.999953788601
210 525 [0.00159, -1.27701, 391.51905, -37925.0] 1.0
210 630 [0.00022, 0.01293, 0.23968, -1.0] 0.99994775066
210 630 [0.00159, -1.492, 522.44714, -56412.95] 0.999883313768
210 845 [0.00022, 0.013, 0.21247, 1.92857] 0.999962401923
210 845 [0.00159, -2.137, 1023.61247, -142220.57143] 0.999467715131
